283516992
283479960
283492455
283484290
283508902
283519245
283484197
283517176
283509117
283501020
283517443
283492911
283509335
283493078
1948803805
283493227
283493233
314074041
283508235
295801576
283501556
283493439
283493509
283523918
283513489
283517157
283518348
283485625
283493839
283502137
283494049
283494176
283494217
283495404
283518882
283518907
283494345
283510741
283502623
283519043
283489979
283478116
283502693
283519166
283502790
283511099
283486723
283478533
283511310
283486884
283511464
283511482
283511607
283487043
283511666
283511674
283487101
283511844
283511872
283506546
283520221
283479300
283520280
283487522
283495811
283487477
480447951
283506537
283487786
283479628
283520651
283504408
283479909
283496353
283496372
283482103
283488930
283504689
283496524
283496552
283483530
283496807
283505047
283488712
283480525
283488740
567382503
283497068
283497140
283505413
283489290
1110284545
283481023
283481873
283481959
283497478
283498622
283482397
283482458
283498929
283490830
283507321
283499242
283523904
283491177
283524044
283524051
283491349
283499715
283516112
283483352
283483386
283516189
283522279
283516348
283508186
283508198
283491923
283508415
283483891
283523867
283483913
283492118
283508622
283520143